<TICKER>;<PER>;<DATE>;<TIME>;<OPEN>;<HIGH>;<LOW>;<CLOSE>;<VOL>
GAZP;60;20220901;110000;258.0000000;259.8500000;250.5000000;250.8000000;23179760
GAZP;60;20220901;120000;250.8000000;253.4200000;250.6200000;250.9500000;9806260
GAZP;60;20220901;130000;250.9500000;252.4500000;249.5500000;250.2400000;9021670
GAZP;60;20220901;140000;250.2900000;250.3000000;247.6200000;248.7700000;9472850
GAZP;60;20220901;150000;248.7900000;249.9600000;248.7000000;249.5300000;5432480
GAZP;60;20220901;160000;249.5300000;250.0000000;248.2100000;248.5900000;5051970
GAZP;60;20220901;170000;248.5900000;249.0000000;248.0800000;248.0800000;2167450
GAZP;60;20220901;180000;248.0900000;252.6900000;248.0100000;248.5000000;15181340
GAZP;60;20220901;190000;248.4900000;249.1300000;248.4000000;249.1100000;3932050
GAZP;60;20220902;110000;249.6700000;251.2000000;246.2200000;249.9700000;11663040
GAZP;60;20220902;120000;249.9700000;250.5500000;249.0500000;250.4700000;2725260
GAZP;60;20220902;130000;250.4700000;250.5800000;249.8000000;250.2100000;1241730
GAZP;60;20220902;140000;250.1900000;251.7000000;250.1100000;251.3900000;4428450
GAZP;60;20220902;150000;251.4000000;253.8000000;250.4000000;253.8000000;6181200
GAZP;60;20220902;160000;253.8000000;253.9500000;251.2000000;251.6000000;5136640
GAZP;60;20220902;170000;251.6300000;253.0000000;251.6000000;252.8900000;2443780
GAZP;60;20220902;180000;252.9600000;253.3500000;252.3000000;252.8900000;1652940
GAZP;60;20220902;190000;252.9000000;253.2000000;252.5300000;252.8000000;2244490
GAZP;60;20220905;110000;251.0000000;252.1100000;248.5500000;250.6200000;10609070
GAZP;60;20220905;120000;250.6000000;251.1400000;249.5000000;250.5900000;5091990
GAZP;60;20220905;130000;250.6000000;250.8000000;250.0200000;250.3000000;1234610
GAZP;60;20220905;140000;250.3000000;250.8300000;250.1500000;250.3300000;1424650
GAZP;60;20220905;150000;250.3200000;251.5000000;250.2500000;251.1800000;2166780
GAZP;60;20220905;160000;251.1000000;251.4400000;250.8000000;250.8300000;2801580
GAZP;60;20220905;170000;250.8300000;251.1700000;250.0000000;250.7500000;3129270
GAZP;60;20220905;180000;250.7500000;251.2000000;250.0600000;250.3000000;1688290
GAZP;60;20220905;190000;250.3000000;250.4800000;250.0000000;250.0000000;1959350
GAZP;60;20220906;110000;249.9900000;250.2000000;247.6100000;249.3500000;7677120
GAZP;60;20220906;120000;249.3500000;249.9500000;249.1900000;249.8100000;1639040
GAZP;60;20220906;130000;249.8200000;250.0000000;249.2000000;249.4600000;2121150
GAZP;60;20220906;140000;249.4200000;249.7500000;248.8000000;249.3300000;2460770
GAZP;60;20220906;150000;249.3600000;249.3800000;245.0800000;245.7000000;10354340
GAZP;60;20220906;160000;245.7100000;246.4800000;241.0000000;244.6000000;14647770
GAZP;60;20220906;170000;244.6200000;246.8300000;243.1200000;246.6000000;6677700
GAZP;60;20220906;180000;246.6000000;247.8300000;246.1000000;246.6900000;3975090
GAZP;60;20220906;190000;246.6800000;246.8500000;245.4100000;246.0000000;1922010
GAZP;60;20220907;110000;245.8000000;245.8000000;242.5200000;245.2700000;7855930
GAZP;60;20220907;120000;245.2300000;245.7800000;244.0100000;244.4600000;2975550
GAZP;60;20220907;130000;244.4600000;244.9800000;243.0100000;243.9800000;3080610
GAZP;60;20220907;140000;243.9800000;244.9200000;243.8000000;244.7200000;1233950
GAZP;60;20220907;150000;244.8000000;245.5700000;243.8000000;244.5000000;2306580
GAZP;60;20220907;160000;244.5000000;245.0300000;243.6000000;244.3200000;2351290
GAZP;60;20220907;170000;244.3100000;244.4400000;242.7000000;243.0000000;3042650
GAZP;60;20220907;180000;243.0100000;243.4900000;241.6300000;242.3100000;5237180
GAZP;60;20220907;190000;242.3300000;242.4900000;241.5500000;241.5500000;3343470
GAZP;60;20220908;110000;241.5500000;242.3000000;238.5600000;238.8000000;12030500
GAZP;60;20220908;120000;238.8300000;240.1500000;237.8400000;239.4200000;7197970
GAZP;60;20220908;130000;239.4200000;241.6200000;239.4000000;240.4800000;3591830
GAZP;60;20220908;140000;240.4500000;240.7700000;240.0000000;240.3800000;1128430
GAZP;60;20220908;150000;240.2900000;241.4900000;240.2300000;240.4200000;1397050
GAZP;60;20220908;160000;240.4800000;240.7800000;239.0000000;239.2900000;2168870
GAZP;60;20220908;170000;239.3400000;240.5000000;239.2600000;240.1600000;1485910
GAZP;60;20220908;180000;240.1600000;240.5000000;239.5000000;240.0500000;1229120
GAZP;60;20220908;190000;240.0500000;245.3000000;239.9400000;243.9500000;8818470
GAZP;60;20220909;110000;244.4100000;244.7300000;242.7300000;243.2200000;5204370
GAZP;60;20220909;120000;243.2400000;244.3600000;242.1600000;243.6800000;4258840
GAZP;60;20220909;130000;243.6800000;244.0000000;242.6800000;243.2400000;1562860
GAZP;60;20220909;140000;243.2300000;243.8700000;243.1000000;243.6700000;1097480
GAZP;60;20220909;150000;243.6900000;244.3600000;243.4100000;243.5500000;1349790
GAZP;60;20220909;160000;243.5800000;244.1600000;243.2000000;244.1100000;1164810
GAZP;60;20220909;170000;244.1000000;247.2000000;243.9200000;245.5000000;8389400
GAZP;60;20220909;180000;245.4900000;246.2400000;245.4000000;246.2000000;2009040
GAZP;60;20220909;190000;246.2000000;246.2100000;245.3100000;245.3400000;2123240
GAZP;60;20220912;110000;243.9800000;247.0000000;241.0600000;245.7600000;10440040
GAZP;60;20220912;120000;245.7600000;246.2400000;244.7100000;245.4800000;2968450
GAZP;60;20220912;130000;245.4800000;246.0000000;244.8700000;245.0600000;2257540
GAZP;60;20220912;140000;245.0500000;245.1000000;243.3000000;244.2000000;4539530
GAZP;60;20220912;150000;244.2200000;244.7000000;243.7000000;244.2100000;1219560
GAZP;60;20220912;160000;244.2200000;244.9500000;244.1900000;244.4100000;1472260
GAZP;60;20220912;170000;244.4000000;244.7800000;242.8000000;242.9300000;3143340
GAZP;60;20220912;180000;242.9300000;243.7900000;242.6700000;243.5000000;1688370
GAZP;60;20220912;190000;243.5500000;243.5500000;242.5100000;242.9800000;1954060
GAZP;60;20220912;200000;242.9900000;243.3000000;242.5100000;243.1300000;344250
GAZP;60;20220912;210000;243.1500000;243.1800000;242.5100000;242.8600000;498130
GAZP;60;20220912;220000;242.7600000;243.1800000;242.5000000;243.1800000;210760
GAZP;60;20220912;230000;243.1800000;243.3700000;243.0400000;243.2300000;171560
GAZP;60;20220913;000000;243.2500000;243.4600000;243.1800000;243.3000000;253530
GAZP;60;20220913;110000;243.9000000;244.0000000;242.4600000;243.3000000;3544410
GAZP;60;20220913;120000;243.3500000;243.3700000;242.6100000;243.0000000;954800
GAZP;60;20220913;130000;243.0100000;245.0000000;243.0000000;244.8000000;3218600
GAZP;60;20220913;140000;244.8200000;245.2900000;244.0200000;244.4400000;1966950
GAZP;60;20220913;150000;244.3600000;245.0000000;244.3200000;244.8100000;1090620
GAZP;60;20220913;160000;244.8100000;245.0000000;242.0000000;242.3000000;3640710
GAZP;60;20220913;170000;242.2400000;243.2000000;241.8000000;242.8800000;3747960
GAZP;60;20220913;180000;242.8800000;243.4000000;242.4900000;242.9000000;1658720
GAZP;60;20220913;190000;242.9000000;243.2900000;242.7900000;243.0000000;711100
GAZP;60;20220913;200000;243.0000000;243.1000000;242.6000000;242.8700000;194860
GAZP;60;20220913;210000;242.8100000;243.0900000;242.5100000;242.7300000;277750
GAZP;60;20220913;220000;242.7400000;242.8000000;242.4100000;242.4100000;255000
GAZP;60;20220913;230000;242.5100000;242.8000000;242.3000000;242.7800000;210170
GAZP;60;20220914;000000;242.7800000;242.9900000;242.5000000;242.6400000;143790
GAZP;60;20220914;110000;242.2900000;242.7500000;240.0000000;240.7600000;6798050
GAZP;60;20220914;120000;240.7700000;241.7500000;240.5000000;241.6500000;1775780
GAZP;60;20220914;130000;241.6600000;241.6600000;240.4000000;240.7000000;1393420
GAZP;60;20220914;140000;240.6600000;240.9500000;240.2600000;240.6900000;1304550
GAZP;60;20220914;150000;240.6800000;240.9500000;240.5000000;240.5100000;703910
GAZP;60;20220914;160000;240.5500000;241.5000000;240.3000000;241.4000000;1373250
GAZP;60;20220914;170000;241.4200000;242.4000000;241.1000000;241.9600000;1598160
GAZP;60;20220914;180000;241.9400000;242.3500000;241.2900000;242.1700000;1489810
GAZP;60;20220914;190000;242.1500000;243.3900000;241.7700000;243.3900000;2042370
GAZP;60;20220914;200000;243.1900000;243.2200000;242.6500000;242.8000000;376330
GAZP;60;20220914;210000;242.8000000;242.9600000;242.5000000;242.6500000;253930
GAZP;60;20220914;220000;242.5200000;243.3900000;242.5000000;243.0200000;344750
GAZP;60;20220914;230000;243.0300000;243.2000000;242.9500000;243.1500000;182400
GAZP;60;20220915;000000;243.1100000;243.3700000;243.1000000;243.3200000;176850
GAZP;60;20220915;110000;243.3300000;244.0100000;242.4900000;242.8000000;4744910
GAZP;60;20220915;120000;242.8600000;243.6000000;242.5300000;242.7100000;2893030
GAZP;60;20220915;130000;242.7100000;243.0000000;242.1000000;242.6500000;1409560
GAZP;60;20220915;140000;242.5800000;242.6500000;241.9100000;242.4300000;1300890
GAZP;60;20220915;150000;242.4300000;242.8400000;242.1500000;242.5600000;1063250
GAZP;60;20220915;160000;242.5500000;244.3000000;242.5100000;243.9000000;4809700
GAZP;60;20220915;170000;243.9000000;243.9000000;242.9100000;243.0500000;2196230
GAZP;60;20220915;180000;243.0500000;243.6500000;243.0000000;243.5900000;696070
GAZP;60;20220915;190000;243.5800000;243.9000000;243.0300000;243.9000000;1846170
GAZP;60;20220915;200000;243.3600000;243.9500000;243.3600000;243.6800000;196450
GAZP;60;20220915;210000;243.6800000;243.9900000;243.5000000;243.9000000;218850
GAZP;60;20220915;220000;243.9000000;244.2000000;243.8000000;244.1500000;255680
GAZP;60;20220915;230000;244.1500000;244.1900000;243.3600000;243.6700000;412190
GAZP;60;20220916;000000;243.5900000;243.9500000;243.5800000;243.6800000;106910
GAZP;60;20220916;110000;243.6700000;244.3400000;243.0100000;243.3000000;2123650
GAZP;60;20220916;120000;243.3400000;246.5000000;243.1000000;246.4000000;5056980
GAZP;60;20220916;130000;246.4000000;248.2000000;246.0000000;247.4500000;9915810
GAZP;60;20220916;140000;247.4500000;247.6000000;244.6500000;244.6500000;4378020
GAZP;60;20220916;150000;244.7000000;245.1000000;241.8300000;242.8700000;7275540
GAZP;60;20220916;160000;242.8600000;243.1900000;241.8300000;242.6100000;2669330
GAZP;60;20220916;170000;242.6100000;243.2000000;242.2500000;242.5600000;1583470
GAZP;60;20220916;180000;242.5000000;243.1100000;242.3200000;242.8500000;1028650
GAZP;60;20220916;190000;242.9400000;243.5500000;242.3000000;243.5500000;1666970
GAZP;60;20220916;200000;243.1000000;243.3900000;242.9100000;243.1500000;365660
GAZP;60;20220916;210000;243.1500000;243.3500000;243.0200000;243.2800000;295440
GAZP;60;20220916;220000;243.2800000;243.3000000;242.8500000;243.2500000;361730
GAZP;60;20220916;230000;243.2100000;243.3200000;243.0600000;243.2200000;210060
GAZP;60;20220917;000000;243.2200000;243.8800000;243.1200000;243.8000000;407260
GAZP;60;20220919;110000;243.2000000;245.9100000;242.7100000;244.7600000;6323990
GAZP;60;20220919;120000;244.7600000;245.0000000;244.2500000;244.8000000;2309030
GAZP;60;20220919;130000;244.8000000;244.8400000;243.5300000;243.5900000;1865160
GAZP;60;20220919;140000;243.5600000;244.2400000;243.5000000;243.9100000;1209600
GAZP;60;20220919;150000;243.9200000;244.5300000;243.8300000;244.5000000;921100
GAZP;60;20220919;160000;244.4900000;245.2500000;243.8500000;244.0000000;2505950
GAZP;60;20220919;170000;244.0000000;244.5600000;243.8500000;244.1400000;1556840
GAZP;60;20220919;180000;244.1100000;244.4500000;243.2000000;243.7600000;1848990
GAZP;60;20220919;190000;243.7600000;243.9900000;243.1000000;243.4300000;1585660
GAZP;60;20220919;200000;243.4300000;243.7400000;243.4300000;243.6500000;197160
GAZP;60;20220919;210000;243.6500000;243.8000000;243.6200000;243.8000000;189360
GAZP;60;20220919;220000;243.8000000;244.5900000;243.7700000;244.5900000;482720
GAZP;60;20220919;230000;244.5400000;244.8000000;244.1300000;244.2700000;166570
GAZP;60;20220920;000000;244.3600000;244.4800000;244.2100000;244.2100000;114030
GAZP;60;20220920;110000;242.3500000;243.4500000;238.5800000;239.1800000;12804640
GAZP;60;20220920;120000;239.2000000;240.9300000;238.5800000;240.8500000;7176780
GAZP;60;20220920;130000;240.9000000;241.0200000;236.2200000;237.4000000;9204230
GAZP;60;20220920;140000;237.4000000;238.3800000;231.8000000;233.9000000;17334210
GAZP;60;20220920;150000;233.9000000;234.3000000;224.2000000;224.2600000;22765370
GAZP;60;20220920;160000;224.2600000;232.8400000;200.0100000;230.4900000;63628890
GAZP;60;20220920;170000;230.4900000;231.6000000;226.6400000;228.3000000;11660160
GAZP;60;20220920;180000;228.0200000;228.3200000;220.3100000;223.8000000;16671060
GAZP;60;20220920;190000;223.7900000;226.0600000;218.2100000;218.2100000;13881640
GAZP;60;20220920;200000;218.4000000;222.6000000;210.0200000;216.0300000;13135050
GAZP;60;20220920;210000;215.8600000;223.6900000;215.3200000;219.7700000;7225860
GAZP;60;20220920;220000;219.5300000;228.4200000;219.2600000;225.9300000;8344920
GAZP;60;20220920;230000;225.9300000;227.4500000;220.1000000;223.0100000;6329560
GAZP;60;20220921;000000;223.0000000;223.4800000;220.2700000;221.1500000;2736860
GAZP;60;20220921;110000;196.4900000;213.0000000;192.0000000;210.2100000;43429430
GAZP;60;20220921;120000;210.2300000;218.7800000;209.0000000;215.0600000;18475310
GAZP;60;20220921;130000;215.0600000;216.4300000;211.6000000;215.8500000;7287860
GAZP;60;20220921;140000;215.9300000;215.9300000;210.0000000;212.3900000;7011520
GAZP;60;20220921;150000;212.3200000;214.9900000;211.5000000;213.9200000;3794460
GAZP;60;20220921;160000;213.9800000;214.7000000;212.8000000;214.0800000;2070850
GAZP;60;20220921;170000;214.1600000;217.9000000;214.0000000;217.0300000;5490330
GAZP;60;20220921;180000;217.0700000;217.6800000;214.7100000;214.9400000;4469020
GAZP;60;20220921;190000;214.9200000;215.4700000;213.5000000;213.5000000;2181450
GAZP;60;20220921;200000;214.2500000;215.4500000;213.8000000;215.4500000;764690
GAZP;60;20220921;210000;215.4400000;216.8600000;214.9700000;215.6200000;1161010
GAZP;60;20220921;220000;215.5700000;216.0200000;214.5000000;215.4000000;985970
GAZP;60;20220921;230000;215.4400000;215.7500000;214.7100000;214.8400000;693370
GAZP;60;20220922;000000;214.9000000;215.1900000;214.0000000;214.0700000;402210
GAZP;60;20220922;110000;215.1800000;224.0800000;215.1800000;222.7800000;20783580
GAZP;60;20220922;120000;222.6100000;226.9500000;222.6100000;225.5100000;13231760
GAZP;60;20220922;130000;225.5100000;226.5000000;222.7000000;222.8700000;7695480
GAZP;60;20220922;140000;222.9500000;224.7900000;222.3800000;223.7600000;3218450
GAZP;60;20220922;150000;223.7600000;229.4100000;222.0000000;228.5200000;14783090
GAZP;60;20220922;160000;228.5200000;237.7000000;227.5000000;235.2300000;35802790
GAZP;60;20220922;170000;235.1700000;237.7700000;232.9500000;235.0200000;15106090
GAZP;60;20220922;180000;235.0200000;235.3000000;231.5600000;234.3200000;6084400
GAZP;60;20220922;190000;234.3000000;234.3500000;231.3000000;232.9000000;3473300
GAZP;60;20220922;200000;232.9000000;234.1700000;232.5500000;233.8600000;1090140
GAZP;60;20220922;210000;233.8600000;234.2300000;233.0200000;233.3200000;1175410
GAZP;60;20220922;220000;233.3200000;233.5500000;231.9000000;232.7900000;1661560
GAZP;60;20220922;230000;232.7700000;233.3000000;232.0000000;232.6100000;905620
GAZP;60;20220923;000000;232.5200000;232.6200000;231.0200000;231.4500000;1383580
GAZP;60;20220923;110000;233.4000000;234.5000000;225.1500000;228.8700000;19403290
GAZP;60;20220923;120000;228.7500000;228.9600000;223.1500000;226.1500000;13135850
GAZP;60;20220923;130000;226.1100000;226.8800000;224.7200000;226.3200000;4400120
GAZP;60;20220923;140000;226.3700000;226.8800000;225.1000000;225.4100000;3107110
GAZP;60;20220923;150000;225.4100000;228.0600000;223.7200000;225.8600000;6358520
GAZP;60;20220923;160000;226.0900000;226.9800000;224.1200000;225.3800000;3405280
GAZP;60;20220923;170000;225.4400000;225.6200000;222.6000000;223.3000000;4191900
GAZP;60;20220923;180000;223.2600000;225.9500000;223.1300000;224.4800000;3591270
GAZP;60;20220923;190000;224.5100000;225.3000000;223.7600000;224.2500000;1315970
GAZP;60;20220923;200000;224.2600000;224.8000000;222.8000000;222.8500000;1208440
GAZP;60;20220923;210000;222.8900000;223.6600000;222.2200000;223.2900000;954700
GAZP;60;20220923;220000;223.2800000;224.8900000;223.2200000;224.3500000;737560
GAZP;60;20220923;230000;224.3600000;225.2000000;223.9000000;225.1800000;478690
GAZP;60;20220924;000000;225.1800000;225.2500000;224.1500000;224.8400000;462850
GAZP;60;20220926;110000;219.8700000;221.9000000;208.0000000;216.3400000;25218030
GAZP;60;20220926;120000;216.3400000;218.0000000;208.1000000;210.3500000;13494770
GAZP;60;20220926;130000;210.3600000;212.9400000;208.2000000;208.3200000;11309170
GAZP;60;20220926;140000;208.2600000;212.8700000;200.6200000;211.9900000;18432350
GAZP;60;20220926;150000;212.0100000;214.8000000;210.1300000;211.5500000;6768440
GAZP;60;20220926;160000;211.7200000;213.5000000;210.0000000;212.5800000;5182700
GAZP;60;20220926;170000;212.5700000;216.0000000;212.2400000;214.8900000;9967320
GAZP;60;20220926;180000;214.9900000;215.5000000;211.2600000;212.8400000;3836980
GAZP;60;20220926;190000;212.8200000;213.1000000;211.5200000;211.6500000;2273970
GAZP;60;20220926;200000;211.7800000;212.8500000;211.3500000;211.9900000;713010
GAZP;60;20220926;210000;211.9900000;212.0000000;209.1500000;210.8900000;1417950
GAZP;60;20220926;220000;210.8800000;210.9800000;210.0000000;210.0600000;546490
GAZP;60;20220926;230000;210.0600000;210.1500000;206.7000000;208.3600000;2205230
GAZP;60;20220927;000000;208.3800000;208.7800000;204.1000000;206.0000000;2123580
GAZP;60;20220927;110000;211.2000000;214.7000000;207.7000000;213.0000000;20512890
GAZP;60;20220927;120000;213.1300000;216.0000000;210.2000000;215.3800000;13671180
GAZP;60;20220927;130000;215.3800000;216.7300000;211.0000000;213.2800000;8618690
GAZP;60;20220927;140000;213.1200000;213.4000000;210.6000000;210.6000000;3712030
GAZP;60;20220927;150000;210.7200000;211.2200000;208.4200000;209.0000000;4904100
GAZP;60;20220927;160000;209.0000000;213.4900000;207.1200000;212.8700000;6441440
GAZP;60;20220927;170000;212.8700000;213.1200000;210.1000000;211.5000000;3826500
GAZP;60;20220927;180000;211.5000000;213.8000000;211.1300000;213.2500000;6990920
GAZP;60;20220927;190000;213.2500000;215.2500000;213.2500000;214.2000000;4539620
GAZP;60;20220927;200000;214.9900000;214.9900000;211.0000000;212.8000000;2124010
GAZP;60;20220927;210000;212.8000000;214.3700000;212.4000000;213.9500000;1048220
GAZP;60;20220927;220000;213.9200000;214.3800000;213.5400000;214.2200000;957600
GAZP;60;20220927;230000;214.2200000;217.3400000;213.8100000;216.4000000;2284640
GAZP;60;20220928;000000;216.4000000;217.3600000;216.3800000;217.3000000;1538400
GAZP;60;20220928;110000;216.9700000;223.7000000;214.5000000;221.2600000;21910700
GAZP;60;20220928;120000;221.2200000;221.9800000;218.3000000;220.6000000;7364430
GAZP;60;20220928;130000;220.6000000;221.8300000;217.5600000;217.9000000;3760010
GAZP;60;20220928;140000;217.9000000;219.2800000;215.2100000;215.9000000;5608430
GAZP;60;20220928;150000;215.8800000;218.5900000;215.4000000;217.2600000;3674540
GAZP;60;20220928;160000;217.2600000;219.4300000;216.5700000;217.3600000;3087740
GAZP;60;20220928;170000;217.3600000;217.4000000;208.6600000;211.7000000;21776090
GAZP;60;20220928;180000;211.6900000;214.0000000;211.2000000;213.5600000;4902550
GAZP;60;20220928;190000;213.4500000;213.9300000;211.6000000;212.3400000;2290630
GAZP;60;20220928;200000;212.3400000;213.9000000;211.8100000;213.7300000;1164280
GAZP;60;20220928;210000;213.6900000;214.7700000;213.5500000;214.0600000;982000
GAZP;60;20220928;220000;214.1000000;215.0000000;213.8000000;214.4000000;964340
GAZP;60;20220928;230000;214.3100000;220.0000000;214.1900000;217.9500000;4872820
GAZP;60;20220929;000000;217.9600000;218.1400000;216.7100000;217.3800000;921320
GAZP;60;20220929;110000;219.5000000;220.7800000;213.2400000;216.1200000;10552840
GAZP;60;20220929;120000;216.2400000;217.6400000;215.3100000;216.3000000;4349000
GAZP;60;20220929;130000;216.2600000;216.9700000;215.1500000;215.3000000;2655920
GAZP;60;20220929;140000;215.3600000;215.4300000;210.8000000;213.4500000;8860470
GAZP;60;20220929;150000;213.4600000;213.8500000;210.5100000;212.5100000;4533750
GAZP;60;20220929;160000;212.5600000;214.6700000;211.7000000;213.6400000;2798480
GAZP;60;20220929;170000;213.6400000;218.1200000;213.6300000;216.5900000;5174620
GAZP;60;20220929;180000;216.4300000;216.8000000;213.1500000;216.7800000;3887710
GAZP;60;20220929;190000;216.7900000;217.9000000;215.9900000;217.2600000;3193890
GAZP;60;20220929;200000;217.2600000;224.2800000;217.2600000;222.6900000;11603250
GAZP;60;20220929;210000;222.6900000;224.0000000;222.0000000;223.0000000;4453640
GAZP;60;20220929;220000;223.0000000;223.0000000;221.0100000;222.2900000;2168980
GAZP;60;20220929;230000;222.2800000;223.5600000;221.6500000;223.1000000;1893300
GAZP;60;20220930;000000;223.1000000;226.8000000;222.8000000;226.4600000;3890080
GAZP;60;20220930;110000;231.6800000;235.4900000;189.4200000;225.2900000;68912630
GAZP;60;20220930;120000;225.3700000;230.9000000;204.0200000;219.6400000;32788870
GAZP;60;20220930;130000;219.6300000;238.7200000;217.6400000;225.3800000;53707410
GAZP;60;20220930;140000;225.5000000;225.5000000;212.8100000;215.7500000;30208370
GAZP;60;20220930;150000;215.5300000;218.7000000;212.0000000;214.3000000;12299390
GAZP;60;20220930;160000;214.3000000;222.0000000;211.5400000;219.8700000;17279190
GAZP;60;20220930;170000;219.8700000;222.5000000;215.7000000;219.8000000;11954280
GAZP;60;20220930;180000;219.7000000;219.8700000;214.3000000;216.1400000;8139630
GAZP;60;20220930;190000;216.1400000;216.8700000;215.4000000;216.1100000;2594810
GAZP;60;20220930;200000;216.3500000;219.2000000;215.6400000;217.7600000;3198590
GAZP;60;20220930;210000;217.7600000;218.1000000;217.4700000;217.6900000;924190
GAZP;60;20220930;220000;217.6800000;218.0500000;217.5200000;218.0300000;874220
GAZP;60;20220930;230000;218.0300000;219.0000000;217.8500000;218.7500000;1172580
GAZP;60;20221001;000000;218.7000000;218.7900000;217.5500000;217.7000000;1457550
GAZP;60;20221003;110000;219.0000000;220.5500000;213.6300000;215.0800000;16234110
GAZP;60;20221003;120000;215.0800000;216.7800000;214.9600000;216.3600000;4117860
GAZP;60;20221003;130000;216.3400000;216.4300000;215.4300000;215.8800000;2370840
GAZP;60;20221003;140000;215.8500000;217.7700000;215.5300000;217.1000000;5735090
GAZP;60;20221003;150000;217.1200000;217.4900000;216.5000000;216.9400000;3646090
GAZP;60;20221003;160000;216.9400000;217.2500000;216.0000000;216.5400000;3374950
GAZP;60;20221003;170000;216.5600000;216.6800000;215.8100000;215.9100000;3334480
GAZP;60;20221003;180000;215.9100000;215.9800000;214.5000000;215.3000000;5569930
GAZP;60;20221003;190000;215.3000000;215.3000000;214.8700000;215.1300000;1925180
GAZP;60;20221003;200000;215.5000000;215.7900000;214.8500000;215.2500000;844230
GAZP;60;20221003;210000;215.2200000;215.5000000;214.9000000;215.3500000;1039000
GAZP;60;20221003;220000;215.3500000;216.9200000;215.0300000;216.5000000;1445070
GAZP;60;20221003;230000;216.5100000;216.5800000;215.8400000;216.2800000;469840
GAZP;60;20221004;000000;216.2800000;216.3300000;215.6500000;215.8300000;460640
GAZP;60;20221004;110000;216.4900000;216.7000000;210.5600000;210.8500000;13275630
GAZP;60;20221004;120000;210.8600000;212.0000000;209.6100000;211.7900000;10745330
GAZP;60;20221004;130000;211.7700000;211.9900000;208.8000000;210.4000000;7525550
GAZP;60;20221004;140000;210.4900000;211.2700000;209.8100000;211.0400000;2828080
GAZP;60;20221004;150000;211.0400000;212.7600000;210.2000000;212.5900000;3604650
GAZP;60;20221004;160000;212.5900000;213.1900000;209.3000000;211.3300000;3657200
GAZP;60;20221004;170000;211.3000000;211.5800000;210.0000000;210.5000000;1835720
GAZP;60;20221004;180000;210.5000000;211.4000000;210.0000000;211.1900000;2397070
GAZP;60;20221004;190000;211.1900000;211.9900000;211.1200000;211.3000000;1262590
GAZP;60;20221004;200000;211.6400000;212.2000000;211.2500000;211.8000000;685750
GAZP;60;20221004;210000;211.8100000;211.8900000;211.2700000;211.3700000;409050
GAZP;60;20221004;220000;211.3600000;211.6700000;211.0200000;211.3900000;388050
GAZP;60;20221004;230000;211.3900000;211.4700000;210.4500000;210.5000000;604460
GAZP;60;20221005;000000;210.5000000;210.9900000;210.3500000;210.7200000;498830
GAZP;60;20221005;110000;211.4600000;211.4900000;208.2000000;208.5700000;7826340
GAZP;60;20221005;120000;208.5700000;208.9000000;202.8500000;204.2300000;15643050
GAZP;60;20221005;130000;204.2300000;206.5000000;204.1900000;204.7600000;5472560
GAZP;60;20221005;140000;204.7600000;207.2600000;204.4300000;206.2000000;5817330
GAZP;60;20221005;150000;206.2000000;206.6700000;205.2500000;205.7400000;1901280
GAZP;60;20221005;160000;205.7400000;206.9900000;205.5000000;206.8300000;1811220
GAZP;60;20221005;170000;206.7800000;209.8000000;206.7500000;208.4000000;5030780
GAZP;60;20221005;180000;208.4000000;208.9600000;207.3100000;207.8700000;2453660
GAZP;60;20221005;190000;207.8800000;208.5000000;207.2800000;208.5000000;1384230
GAZP;60;20221005;200000;208.9700000;211.0000000;208.6000000;210.2600000;3012970
GAZP;60;20221005;210000;210.2900000;210.8000000;210.0500000;210.3800000;753950
GAZP;60;20221005;220000;210.3800000;210.4900000;208.7000000;208.7500000;1040310
GAZP;60;20221005;230000;208.7900000;209.8900000;208.6900000;208.6900000;658400
GAZP;60;20221006;000000;208.6900000;209.2000000;208.6000000;209.0500000;353280
GAZP;60;20221006;110000;210.0200000;216.8800000;209.0600000;215.0300000;20056130
GAZP;60;20221006;120000;215.0800000;216.0000000;213.6800000;214.8000000;5896820
GAZP;60;20221006;130000;214.8000000;214.9000000;213.8000000;214.5400000;4276590
GAZP;60;20221006;140000;214.5400000;214.5500000;211.5100000;213.6600000;5511880
GAZP;60;20221006;150000;213.7300000;214.0000000;212.5000000;212.9200000;3011150
GAZP;60;20221006;160000;213.0000000;213.5000000;212.5500000;212.9800000;2042060
GAZP;60;20221006;170000;212.9800000;213.0000000;212.1500000;212.8900000;2521680
GAZP;60;20221006;180000;212.8300000;213.9200000;212.6700000;213.5700000;2718710
GAZP;60;20221006;190000;213.5000000;213.5000000;212.5000000;213.0000000;1588150
GAZP;60;20221006;200000;213.0000000;213.7000000;212.7000000;213.0000000;1012700
GAZP;60;20221006;210000;212.9900000;213.2200000;212.9300000;213.2000000;567540
GAZP;60;20221006;220000;213.2000000;213.5000000;213.0200000;213.0700000;614450
GAZP;60;20221006;230000;213.0700000;213.1500000;212.2000000;212.7800000;1353410
GAZP;60;20221007;000000;212.7000000;213.0000000;212.7000000;212.8600000;447130
GAZP;60;20221007;110000;212.8400000;212.8400000;205.2800000;209.1600000;15561560
GAZP;60;20221007;120000;209.1400000;209.2500000;206.0600000;206.0800000;5845090
GAZP;60;20221007;130000;206.0800000;207.2800000;204.6100000;206.8300000;9044980
GAZP;60;20221007;140000;206.9000000;207.6900000;206.7000000;207.1800000;3749190
GAZP;60;20221007;150000;207.1600000;208.0000000;206.8600000;207.9000000;4315350
GAZP;60;20221007;160000;207.8600000;208.9800000;207.4900000;208.3900000;5647200
GAZP;60;20221007;170000;208.3800000;208.5500000;205.5700000;205.6500000;7439940
GAZP;60;20221007;180000;205.6400000;206.7500000;200.8800000;202.8000000;13042610
GAZP;60;20221007;190000;202.9000000;203.5000000;200.1300000;201.4000000;11754220
GAZP;60;20221007;200000;200.8300000;202.9000000;197.3300000;198.7000000;6671760
GAZP;60;20221007;210000;198.7000000;201.9000000;198.0300000;200.2200000;4310540
GAZP;60;20221007;220000;200.2200000;200.4900000;198.2000000;198.6000000;3278290
GAZP;60;20221007;230000;198.5000000;198.6400000;197.1000000;197.8000000;4006390
GAZP;60;20221008;000000;197.7900000;197.8000000;195.0100000;195.1500000;6824720
GAZP;60;20221010;110000;164.9800000;166.0000000;137.1000000;158.3900000;49109190
GAZP;60;20221010;120000;158.4900000;163.2000000;158.2400000;160.9300000;24931870
GAZP;60;20221010;130000;160.9300000;161.9700000;159.3100000;160.5900000;7852070
GAZP;60;20221010;140000;160.6000000;162.0000000;160.3600000;161.9600000;5226400
GAZP;60;20221010;150000;161.8600000;163.3800000;161.5200000;162.1700000;6339180
GAZP;60;20221010;160000;162.1900000;164.3800000;161.0000000;164.3000000;6159270
GAZP;60;20221010;170000;164.2700000;165.0000000;163.5000000;163.5600000;6663240
GAZP;60;20221010;180000;163.5500000;164.0000000;162.4000000;163.8000000;4814310
GAZP;60;20221010;190000;163.9100000;164.0000000;163.0200000;163.8000000;1693130
GAZP;60;20221010;200000;163.8000000;164.6700000;163.0000000;163.2500000;1381130
GAZP;60;20221010;210000;163.2500000;164.2900000;163.2400000;164.0800000;972280
GAZP;60;20221010;220000;164.0000000;164.1300000;163.6200000;163.9400000;525320
GAZP;60;20221010;230000;163.8800000;164.5000000;163.8600000;164.1600000;685720
GAZP;60;20221011;000000;164.1000000;164.2300000;163.4500000;163.8900000;504050
GAZP;60;20221011;110000;163.9000000;165.2000000;160.0000000;160.6900000;12577940
GAZP;60;20221011;120000;160.6200000;162.6500000;159.6200000;162.4700000;4525290
GAZP;60;20221011;130000;162.5100000;163.4400000;162.0000000;163.2600000;3168400
GAZP;60;20221011;140000;163.1700000;163.2600000;162.0000000;162.5400000;1656350
GAZP;60;20221011;150000;162.5700000;163.5000000;162.3800000;163.5000000;1926670
GAZP;60;20221011;160000;163.5000000;163.5000000;162.0000000;162.8700000;2819450
GAZP;60;20221011;170000;162.8700000;163.3900000;162.3600000;163.1500000;1794420
GAZP;60;20221011;180000;163.1400000;163.4000000;162.8300000;163.3000000;1615720
GAZP;60;20221011;190000;163.3000000;163.4000000;162.8000000;163.0000000;1434310
GAZP;60;20221011;200000;163.3000000;163.4600000;162.8000000;163.1900000;493310
GAZP;60;20221011;210000;163.1700000;163.3000000;163.0000000;163.1900000;343110
GAZP;60;20221011;220000;163.1900000;163.3200000;163.0200000;163.1600000;346900
GAZP;60;20221011;230000;163.2200000;163.2500000;162.9300000;162.9900000;278870
GAZP;60;20221012;000000;162.9900000;163.1700000;162.8900000;162.8900000;225530
GAZP;60;20221012;110000;163.5000000;164.0000000;161.2500000;162.4700000;5742460
GAZP;60;20221012;120000;162.4400000;162.5200000;160.5200000;161.1800000;3204320
GAZP;60;20221012;130000;161.1900000;161.2500000;160.3100000;160.8000000;1567880
GAZP;60;20221012;140000;160.8000000;161.9500000;160.6800000;161.8000000;1088110
GAZP;60;20221012;150000;161.8000000;162.5000000;161.6700000;161.8000000;1647300
GAZP;60;20221012;160000;161.7800000;162.2600000;161.4000000;162.1000000;1056880
GAZP;60;20221012;170000;162.0300000;162.9600000;161.9700000;162.4300000;1299130
GAZP;60;20221012;180000;162.4200000;162.7000000;162.0000000;162.1300000;731110
GAZP;60;20221012;190000;162.1200000;162.2300000;161.6500000;161.9700000;767230
GAZP;60;20221012;200000;161.9700000;162.1700000;161.7000000;161.9800000;376860
GAZP;60;20221012;210000;161.9900000;162.0500000;161.9200000;161.9300000;193450
GAZP;60;20221012;220000;161.9900000;162.0500000;161.9200000;161.9300000;178470
GAZP;60;20221012;230000;161.9300000;161.9800000;161.9200000;161.9500000;158000
GAZP;60;20221013;000000;161.9500000;161.9500000;161.7600000;161.8000000;150110
GAZP;60;20221013;110000;161.6700000;162.4500000;160.6100000;161.2900000;3506470
GAZP;60;20221013;120000;161.2900000;161.5000000;160.6000000;161.4300000;2536230
GAZP;60;20221013;130000;161.4000000;161.4900000;160.3600000;160.9500000;2186120
GAZP;60;20221013;140000;160.9500000;161.4300000;160.9400000;161.2000000;791020
GAZP;60;20221013;150000;161.2000000;161.3200000;160.7200000;160.8100000;789120
GAZP;60;20221013;160000;160.8900000;161.1500000;159.4800000;160.0800000;3708070
GAZP;60;20221013;170000;160.0800000;161.5000000;159.8300000;160.4500000;2209550
GAZP;60;20221013;180000;160.4500000;160.6900000;159.9200000;160.2400000;1020920
GAZP;60;20221013;190000;160.2400000;161.3800000;160.2200000;161.0000000;1787330
GAZP;60;20221013;200000;161.0700000;161.4900000;160.9600000;161.2100000;510720
GAZP;60;20221013;210000;161.2100000;161.2800000;160.9800000;161.1500000;192030
GAZP;60;20221013;220000;161.1500000;161.1500000;160.8200000;160.9500000;126030
GAZP;60;20221013;230000;160.9600000;161.0000000;160.5500000;160.5700000;215830
GAZP;60;20221014;000000;160.5700000;161.0000000;160.5100000;160.8400000;245070
GAZP;60;20221014;110000;161.0200000;161.1600000;160.1300000;160.4000000;1673310
GAZP;60;20221014;120000;160.4200000;160.4900000;159.1600000;159.8000000;1809090
GAZP;60;20221014;130000;159.8300000;160.0000000;159.5000000;159.8000000;1055070
GAZP;60;20221014;140000;159.8000000;160.0000000;159.6200000;159.6900000;639610
GAZP;60;20221014;150000;159.6500000;159.6900000;158.7400000;159.1100000;2040430
GAZP;60;20221014;160000;159.1600000;159.5000000;158.6400000;159.0700000;1339840
GAZP;60;20221014;170000;159.0500000;160.4000000;159.0500000;159.5600000;3033180
GAZP;60;20221014;180000;159.4800000;159.9700000;159.1800000;159.7100000;1081670
GAZP;60;20221014;190000;159.7600000;159.8000000;158.9500000;159.3800000;1420860
GAZP;60;20221014;200000;159.3900000;159.7500000;159.2300000;159.6000000;348220
GAZP;60;20221014;210000;159.6000000;159.6500000;159.3100000;159.5200000;214130
GAZP;60;20221014;220000;159.5500000;159.7900000;159.4000000;159.6900000;212800
GAZP;60;20221014;230000;159.6300000;159.7600000;159.3100000;159.4800000;263960
GAZP;60;20221015;000000;159.4900000;159.6600000;159.3900000;159.6000000;239080
GAZP;60;20221017;110000;159.9500000;162.2200000;159.6000000;161.4900000;6241970
GAZP;60;20221017;120000;161.4900000;161.8000000;161.0000000;161.3600000;2341090
GAZP;60;20221017;130000;161.3600000;161.8000000;160.8000000;161.3500000;1964170
GAZP;60;20221017;140000;161.3900000;162.8700000;161.2800000;162.8700000;3085560
GAZP;60;20221017;150000;162.8300000;163.8000000;162.5300000;162.8800000;5857530
GAZP;60;20221017;160000;162.8500000;163.3700000;162.5600000;162.6600000;964120
GAZP;60;20221017;170000;162.6600000;163.1900000;162.5500000;163.0100000;1200770
GAZP;60;20221017;180000;163.0100000;163.1600000;162.0300000;162.4000000;1614750
GAZP;60;20221017;190000;162.4100000;162.5800000;162.0500000;162.5000000;1212330
GAZP;60;20221017;200000;162.5000000;162.6600000;161.5200000;162.3100000;931360
GAZP;60;20221017;210000;162.3100000;162.5000000;162.2500000;162.4000000;302760
GAZP;60;20221017;220000;162.4000000;162.8200000;162.3000000;162.7000000;341750
GAZP;60;20221017;230000;162.7200000;162.8100000;162.5000000;162.7900000;250630
GAZP;60;20221018;000000;162.7800000;163.3000000;162.7800000;163.2400000;480920
GAZP;60;20221018;110000;163.9600000;164.6400000;162.3500000;162.7500000;4254980
GAZP;60;20221018;120000;162.7400000;162.8900000;161.8000000;162.8600000;1898840
GAZP;60;20221018;130000;162.8900000;163.8500000;162.3100000;163.5600000;1888660
GAZP;60;20221018;140000;163.5500000;163.8500000;163.1500000;163.5900000;1056970
GAZP;60;20221018;150000;163.5900000;163.5900000;162.5900000;163.0600000;1093430
GAZP;60;20221018;160000;163.0300000;163.5000000;162.6600000;163.1000000;892900
GAZP;60;20221018;170000;163.1800000;163.2900000;162.7200000;163.0600000;938970
GAZP;60;20221018;180000;163.0700000;163.2500000;162.6000000;163.1000000;1066910
GAZP;60;20221018;190000;163.0700000;163.2000000;162.9000000;163.0000000;581490
GAZP;60;20221018;200000;163.0000000;163.1200000;162.4200000;162.8000000;576840
GAZP;60;20221018;210000;162.7800000;163.1200000;162.2200000;162.4700000;669350
GAZP;60;20221018;220000;162.4700000;162.5200000;159.6200000;160.6400000;3038560
GAZP;60;20221018;230000;160.6400000;161.0000000;159.1000000;159.8600000;2126760
GAZP;60;20221019;000000;159.8800000;160.4500000;159.8000000;160.2000000;611430
GAZP;60;20221019;110000;159.3100000;161.0000000;157.8000000;157.9000000;6619820
GAZP;60;20221019;120000;157.9000000;160.0000000;157.6000000;158.9900000;2444460
GAZP;60;20221019;130000;158.9900000;159.4800000;158.2000000;159.0300000;1545390
GAZP;60;20221019;140000;159.0900000;159.5000000;158.8900000;159.4000000;895040
GAZP;60;20221019;150000;159.4000000;160.5000000;157.4000000;159.9500000;5917520
GAZP;60;20221019;160000;159.9500000;160.3100000;159.3100000;159.8800000;1443680
GAZP;60;20221019;170000;159.8500000;160.4800000;159.8000000;160.0800000;768320
GAZP;60;20221019;180000;160.0100000;160.3200000;159.7900000;159.8500000;903510
GAZP;60;20221019;190000;159.8500000;160.4600000;159.7400000;160.4600000;636730
GAZP;60;20221019;200000;160.4400000;160.9600000;160.0200000;160.9500000;657570
GAZP;60;20221019;210000;160.9600000;161.5000000;160.8000000;160.9900000;1032850
GAZP;60;20221019;220000;160.9900000;161.3500000;160.9600000;161.1400000;312460
GAZP;60;20221019;230000;161.1400000;161.2500000;161.0100000;161.0300000;202250
GAZP;60;20221020;000000;161.0400000;161.2900000;160.9100000;161.2900000;200340
GAZP;60;20221020;110000;161.6900000;162.4800000;161.0000000;162.1000000;3575240
GAZP;60;20221020;120000;162.1000000;162.2500000;160.3100000;160.9300000;2399180
GAZP;60;20221020;130000;160.9300000;161.8000000;160.6600000;161.7000000;1293760
GAZP;60;20221020;140000;161.7000000;161.9500000;161.2700000;161.5300000;1092050
GAZP;60;20221020;150000;161.5300000;161.9600000;161.4200000;161.6000000;679300
GAZP;60;20221020;160000;161.6000000;161.9200000;160.7400000;160.8300000;1707900
GAZP;60;20221020;170000;160.8900000;161.1200000;160.4600000;160.6000000;1057280
GAZP;60;20221020;180000;160.6000000;160.9000000;160.1500000;160.7300000;718430
GAZP;60;20221020;190000;160.7200000;160.8100000;160.3200000;160.6000000;531890
GAZP;60;20221020;200000;160.6500000;160.9500000;160.4000000;160.7300000;445160
GAZP;60;20221020;210000;160.7300000;160.7700000;160.5500000;160.6900000;202140
GAZP;60;20221020;220000;160.6900000;161.0900000;160.6000000;160.9000000;359560
GAZP;60;20221020;230000;160.8300000;160.9000000;160.7200000;160.8400000;126750
GAZP;60;20221021;000000;160.7800000;160.9000000;160.6000000;160.7500000;161040
GAZP;60;20221021;110000;159.9900000;160.5000000;159.6200000;159.9500000;2708530
GAZP;60;20221021;120000;159.9500000;159.9900000;159.0300000;159.2200000;1834390
GAZP;60;20221021;130000;159.2000000;159.9000000;159.0800000;159.6700000;818990
GAZP;60;20221021;140000;159.6600000;160.9900000;159.6300000;160.4000000;1946140
GAZP;60;20221021;150000;160.3700000;160.9000000;160.1100000;160.7700000;712920
GAZP;60;20221021;160000;160.7700000;161.2200000;160.5700000;160.9300000;1059100
GAZP;60;20221021;170000;160.9200000;161.8000000;160.8700000;161.6900000;1857140
GAZP;60;20221021;180000;161.6800000;162.0000000;161.3700000;161.8500000;1521480
GAZP;60;20221021;190000;161.8500000;163.0000000;161.5800000;163.0000000;2026620
GAZP;60;20221021;200000;163.0000000;169.9600000;162.7600000;166.7400000;13729980
GAZP;60;20221021;210000;166.7400000;167.4000000;166.3000000;166.4800000;2798080
GAZP;60;20221021;220000;166.4300000;166.7000000;165.6100000;166.3900000;1756870
GAZP;60;20221021;230000;166.3300000;167.0800000;166.3000000;166.9000000;1319990
GAZP;60;20221022;000000;166.8600000;167.3100000;166.8000000;166.9900000;1407370
GAZP;60;20221024;110000;167.9000000;168.8800000;166.3400000;168.3600000;7481800
GAZP;60;20221024;120000;168.3900000;168.4500000;166.5000000;166.6600000;3647720
GAZP;60;20221024;130000;166.6600000;166.8500000;165.4000000;166.7400000;3967480
GAZP;60;20221024;140000;166.7400000;166.8000000;165.8700000;166.1300000;1010830
GAZP;60;20221024;150000;166.1300000;166.3300000;164.8200000;165.8000000;2950960
GAZP;60;20221024;160000;165.8000000;166.3800000;165.6000000;166.1600000;1355120
GAZP;60;20221024;170000;166.1600000;167.0800000;166.1000000;166.5500000;1210080
GAZP;60;20221024;180000;166.6000000;166.9200000;165.5000000;165.8700000;1568230
GAZP;60;20221024;190000;165.8600000;165.9100000;165.5000000;165.9000000;908610
GAZP;60;20221024;200000;165.9000000;166.5000000;165.5000000;165.9800000;528890
GAZP;60;20221024;210000;165.9700000;166.0800000;165.7500000;165.9900000;277910
GAZP;60;20221024;220000;165.9900000;166.0700000;165.9000000;165.9800000;181430
GAZP;60;20221024;230000;165.9800000;166.1000000;165.7000000;166.0000000;277020
GAZP;60;20221025;000000;166.0000000;166.0000000;165.0500000;165.4700000;476800
GAZP;60;20221025;110000;166.0000000;166.4500000;164.2200000;165.1800000;4462210
GAZP;60;20221025;120000;165.1800000;167.8500000;164.9400000;167.2000000;4940650
GAZP;60;20221025;130000;167.2000000;168.4400000;167.1300000;167.9300000;5347750
GAZP;60;20221025;140000;167.9600000;168.9000000;167.7000000;168.8300000;2963440
GAZP;60;20221025;150000;168.8200000;169.2500000;168.1000000;169.1900000;2770220
GAZP;60;20221025;160000;169.1200000;169.5000000;168.7000000;168.9600000;2822500
GAZP;60;20221025;170000;168.9600000;170.3300000;168.9300000;170.1700000;4166450
GAZP;60;20221025;180000;170.1600000;172.1200000;169.9800000;171.7500000;7707180
GAZP;60;20221025;190000;171.7500000;173.9000000;171.6300000;173.7900000;5053970
GAZP;60;20221025;200000;173.7900000;174.6900000;172.6300000;173.0500000;3144490
GAZP;60;20221025;210000;173.0500000;173.5000000;172.0300000;172.2300000;1409040
GAZP;60;20221025;220000;172.1800000;172.4000000;171.5500000;171.8500000;1516410
GAZP;60;20221025;230000;171.8400000;172.5700000;171.7000000;172.3600000;746040
GAZP;60;20221026;000000;172.3600000;172.4500000;172.0000000;172.3800000;506650
GAZP;60;20221026;110000;173.3100000;173.4200000;170.1000000;170.8900000;7433880
GAZP;60;20221026;120000;170.9000000;173.4100000;170.3400000;171.6200000;5587770
GAZP;60;20221026;130000;171.6900000;171.7000000;170.2100000;170.9500000;2615180
GAZP;60;20221026;140000;170.9500000;171.0000000;169.6300000;169.7500000;4067980
GAZP;60;20221026;150000;169.8100000;170.4800000;168.7000000;170.0300000;3887960
GAZP;60;20221026;160000;170.0300000;170.9900000;169.5600000;170.5500000;1818770
GAZP;60;20221026;170000;170.5300000;170.7700000;169.7000000;169.7800000;985720
GAZP;60;20221026;180000;169.7600000;171.4000000;169.6100000;171.3100000;1614790
GAZP;60;20221026;190000;171.4000000;172.1800000;171.1800000;171.4900000;2197800
GAZP;60;20221026;200000;171.5800000;172.5000000;171.1100000;172.0700000;1497720
GAZP;60;20221026;210000;172.0000000;172.4500000;171.4300000;172.0900000;1469750
GAZP;60;20221026;220000;172.0900000;172.1900000;171.5500000;171.9400000;536440
GAZP;60;20221026;230000;171.9400000;172.2000000;171.8100000;172.2000000;504120
GAZP;60;20221027;000000;172.2000000;172.2000000;171.8600000;171.9800000;308950
GAZP;60;20221027;110000;172.5000000;173.3400000;171.3000000;173.2800000;5133690
GAZP;60;20221027;120000;173.2600000;173.9800000;172.9000000;173.5000000;4199800
GAZP;60;20221027;130000;173.4500000;173.9300000;173.0600000;173.2900000;2057380
GAZP;60;20221027;140000;173.2500000;173.8500000;173.1000000;173.1300000;1663330
GAZP;60;20221027;150000;173.1600000;173.2400000;172.0100000;172.0400000;3044630
GAZP;60;20221027;160000;172.0400000;173.1800000;172.0000000;172.7000000;1716300
GAZP;60;20221027;170000;172.8300000;173.1700000;172.6100000;172.7400000;1249810
GAZP;60;20221027;180000;172.7400000;173.1600000;172.6000000;173.0800000;1169800
GAZP;60;20221027;190000;173.0700000;173.0800000;172.7200000;173.0600000;842050
GAZP;60;20221027;200000;173.1900000;173.1900000;172.7000000;172.9000000;517000
GAZP;60;20221027;210000;172.9000000;173.0700000;172.8500000;173.0600000;356560
GAZP;60;20221027;220000;173.0600000;173.2700000;173.0200000;173.1600000;445010
GAZP;60;20221027;230000;173.1500000;173.2300000;173.0000000;173.1500000;331830
GAZP;60;20221028;000000;173.1500000;173.1700000;172.4000000;172.4700000;554040
GAZP;60;20221028;110000;171.9900000;172.3500000;169.7500000;170.2800000;6240150
GAZP;60;20221028;120000;170.2800000;170.7000000;169.4200000;170.0100000;5230880
GAZP;60;20221028;130000;170.0600000;170.7900000;169.4100000;170.7800000;2649850
GAZP;60;20221028;140000;170.7600000;171.1900000;170.2000000;171.0400000;2336670
GAZP;60;20221028;150000;171.0400000;171.5000000;170.5000000;170.7100000;4119260
GAZP;60;20221028;160000;170.6800000;170.7200000;170.0000000;170.1500000;1824400
GAZP;60;20221028;170000;170.0900000;170.5000000;170.0600000;170.2600000;1276750
GAZP;60;20221028;180000;170.2100000;170.7300000;169.8200000;170.4200000;2832800
GAZP;60;20221028;190000;170.4200000;170.5000000;169.9200000;170.3000000;1173160
GAZP;60;20221028;200000;170.3000000;170.6000000;170.2000000;170.3900000;515630
GAZP;60;20221028;210000;170.3800000;170.5000000;170.3000000;170.5000000;301020
GAZP;60;20221028;220000;170.5000000;170.9200000;170.4800000;170.8000000;484410
GAZP;60;20221028;230000;170.8000000;170.9900000;170.5900000;170.8400000;479710
GAZP;60;20221029;000000;170.8500000;170.9800000;170.7000000;170.7300000;239890
GAZP;60;20221031;110000;170.7400000;171.5000000;170.0200000;170.3300000;3663480
GAZP;60;20221031;120000;170.3100000;170.7700000;169.6000000;170.0000000;2959690
GAZP;60;20221031;130000;170.0500000;170.1400000;169.2100000;170.0600000;1779480
GAZP;60;20221031;140000;170.0500000;170.0700000;169.2100000;169.7200000;1018320
GAZP;60;20221031;150000;169.7800000;170.1000000;169.5200000;170.0500000;1053850
GAZP;60;20221031;160000;170.0500000;170.3500000;169.8200000;169.9800000;1362010
GAZP;60;20221031;170000;169.9800000;170.0500000;169.5500000;169.5600000;1181610
GAZP;60;20221031;180000;169.5500000;170.1000000;169.5100000;170.0000000;649410
GAZP;60;20221031;190000;170.0000000;170.2000000;169.8700000;170.0000000;1005300
GAZP;60;20221031;200000;170.0000000;170.3100000;169.4100000;170.0600000;515390
GAZP;60;20221031;210000;170.0600000;170.1900000;169.9900000;170.1400000;169840
GAZP;60;20221031;220000;170.1400000;170.3500000;170.0000000;170.2900000;227820
GAZP;60;20221031;230000;170.2900000;170.3000000;170.1600000;170.2400000;146310
GAZP;60;20221101;000000;170.2300000;170.5000000;170.2000000;170.2700000;255450
GAZP;60;20221101;110000;170.8900000;171.2900000;170.4000000;170.7300000;3541740
GAZP;60;20221101;120000;170.7300000;170.8500000;170.3600000;170.6100000;1242630
GAZP;60;20221101;130000;170.6100000;171.0700000;170.5000000;170.9200000;1905630
GAZP;60;20221101;140000;170.9200000;171.0000000;169.9000000;170.2700000;2989080
GAZP;60;20221101;150000;170.2600000;170.5000000;170.0900000;170.5000000;1270060
GAZP;60;20221101;160000;170.5000000;170.7700000;170.3700000;170.3700000;1093070
GAZP;60;20221101;170000;170.4000000;170.4900000;170.1200000;170.4800000;1134010
GAZP;60;20221101;180000;170.4800000;170.4800000;169.8300000;169.8600000;1456000
GAZP;60;20221101;190000;169.8600000;170.1500000;169.7500000;170.0000000;860130
GAZP;60;20221101;200000;170.0000000;170.1000000;169.9000000;170.1000000;452670
GAZP;60;20221101;210000;170.1000000;170.1800000;170.0100000;170.1000000;247820
GAZP;60;20221101;220000;170.1400000;170.1700000;170.0000000;170.0200000;206920
GAZP;60;20221101;230000;170.0500000;170.1000000;169.8800000;169.9800000;226880
GAZP;60;20221102;000000;169.9800000;170.0100000;169.9000000;169.9200000;146170
GAZP;60;20221102;110000;169.9900000;169.9900000;168.8100000;169.1200000;4313810
GAZP;60;20221102;120000;169.1100000;169.5000000;169.0300000;169.4900000;867020
GAZP;60;20221102;130000;169.4900000;169.5000000;169.2000000;169.5000000;898390
GAZP;60;20221102;140000;169.5000000;169.9000000;169.3100000;169.9000000;2667270
GAZP;60;20221102;150000;169.9000000;169.9000000;169.5000000;169.7700000;714140
GAZP;60;20221102;160000;169.7600000;169.9000000;169.5600000;169.8500000;741420
GAZP;60;20221102;170000;169.8800000;169.9000000;169.5000000;169.6000000;1222870
GAZP;60;20221102;180000;169.5600000;169.8500000;169.0900000;169.7600000;1307630
GAZP;60;20221102;190000;169.8000000;170.4500000;169.7700000;170.2900000;1846810
GAZP;60;20221102;200000;170.3000000;170.4000000;169.9000000;169.9900000;449460
GAZP;60;20221102;210000;169.9900000;170.0300000;169.9000000;169.9000000;211580
GAZP;60;20221102;220000;169.9000000;170.0600000;169.6000000;169.7300000;328590
GAZP;60;20221102;230000;169.7300000;169.9000000;169.4000000;169.4900000;348810
GAZP;60;20221103;000000;169.4900000;169.5000000;167.1000000;167.7200000;2532760
GAZP;60;20221103;110000;167.1000000;168.4500000;166.6800000;167.5000000;4489570
GAZP;60;20221103;120000;167.5000000;167.5000000;167.0000000;167.5000000;2457650
GAZP;60;20221103;130000;167.4900000;167.5000000;166.7700000;167.2000000;1716830
GAZP;60;20221103;140000;167.1900000;168.0000000;167.1500000;167.8300000;1254620
GAZP;60;20221103;150000;167.8300000;167.9700000;167.4800000;167.6600000;768670
GAZP;60;20221103;160000;167.7200000;167.7500000;167.5100000;167.6900000;573650
GAZP;60;20221103;170000;167.6900000;168.8000000;167.5000000;168.8000000;1486550
GAZP;60;20221103;180000;168.8000000;169.6500000;168.4000000;169.3800000;2332620
GAZP;60;20221103;190000;169.3900000;169.4700000;168.9300000;169.4700000;1081820
GAZP;60;20221103;200000;169.1500000;169.5000000;169.1500000;169.4900000;401560
GAZP;60;20221103;210000;169.4400000;169.6500000;168.8000000;168.8500000;716040
GAZP;60;20221103;220000;168.8900000;169.1800000;168.8000000;169.1700000;216500
GAZP;60;20221103;230000;169.1600000;169.2200000;169.0000000;169.1300000;170720
GAZP;60;20221104;000000;169.1800000;169.2900000;169.0500000;169.1400000;419620
GAZP;60;20221107;110000;171.0200000;171.5900000;169.9800000;170.6200000;4506420
GAZP;60;20221107;120000;170.6200000;170.9000000;170.3400000;170.5000000;2432730
GAZP;60;20221107;130000;170.5000000;170.8000000;170.0000000;170.2300000;3506710
GAZP;60;20221107;140000;170.2300000;170.3900000;169.6400000;169.8800000;2286360
GAZP;60;20221107;150000;169.8800000;170.0000000;169.5200000;169.9400000;1408560
GAZP;60;20221107;160000;169.9400000;170.1800000;169.8500000;169.9200000;1023800
GAZP;60;20221107;170000;169.9500000;170.0000000;169.6000000;169.8500000;1168200
GAZP;60;20221107;180000;169.8500000;170.0000000;169.6500000;169.7300000;1758320
GAZP;60;20221107;190000;169.7300000;169.9900000;169.6500000;169.9900000;1306670
GAZP;60;20221107;200000;169.8900000;170.6000000;169.8500000;170.1000000;688080
GAZP;60;20221107;210000;170.1000000;170.1500000;169.7300000;170.0300000;450450
GAZP;60;20221107;220000;170.0300000;170.0300000;169.8100000;169.8500000;456760
GAZP;60;20221107;230000;169.8400000;169.9000000;169.7900000;169.8400000;448610
GAZP;60;20221108;000000;169.8100000;169.9000000;169.7600000;169.8500000;323630
GAZP;60;20221108;110000;170.0500000;170.9500000;169.3500000;169.9000000;3976560
GAZP;60;20221108;120000;169.8600000;169.9800000;169.1700000;169.8500000;1768750
GAZP;60;20221108;130000;169.8500000;169.9000000;169.4900000;169.8200000;1225620
GAZP;60;20221108;140000;169.8000000;170.1000000;169.7000000;170.0900000;953340
GAZP;60;20221108;150000;170.0900000;172.0000000;170.0900000;171.1800000;8133100
GAZP;60;20221108;160000;171.1800000;171.4200000;170.6100000;171.1500000;1963410
GAZP;60;20221108;170000;171.1500000;171.2900000;170.5000000;170.6500000;1655800
GAZP;60;20221108;180000;170.6900000;170.8400000;170.0200000;170.6300000;1257960
GAZP;60;20221108;190000;170.6300000;170.6800000;169.9500000;170.0000000;1576090
GAZP;60;20221108;200000;170.0000000;170.4400000;169.9600000;170.3700000;435520
GAZP;60;20221108;210000;170.3700000;170.4900000;170.1300000;170.4500000;339590
GAZP;60;20221108;220000;170.4900000;170.6900000;169.9600000;169.9900000;612470
GAZP;60;20221108;230000;169.9900000;170.0000000;169.2000000;169.5000000;919890
GAZP;60;20221109;000000;169.5000000;169.9900000;169.4600000;169.9700000;426520
GAZP;60;20221109;110000;169.8400000;170.3200000;169.0000000;169.2700000;3091610
GAZP;60;20221109;120000;169.2200000;169.6100000;168.1400000;168.1500000;3299160
GAZP;60;20221109;130000;168.1400000;168.6900000;168.1100000;168.1800000;1994800
GAZP;60;20221109;140000;168.1900000;168.6400000;168.1600000;168.3400000;1011030
GAZP;60;20221109;150000;168.4100000;169.0900000;168.2500000;169.0900000;1219850
GAZP;60;20221109;160000;169.0900000;169.2800000;168.6500000;169.1700000;902590
GAZP;60;20221109;170000;169.1700000;169.2500000;168.5800000;168.7700000;964500
GAZP;60;20221109;180000;168.7700000;168.9500000;168.5100000;168.7500000;659600
GAZP;60;20221109;190000;168.7600000;168.9500000;168.1000000;168.1000000;1745910
GAZP;60;20221109;200000;168.0800000;168.0800000;166.1500000;167.6200000;2240360
GAZP;60;20221109;210000;167.6200000;167.7300000;166.8200000;167.6400000;998440
GAZP;60;20221109;220000;167.6200000;167.6500000;167.1300000;167.2600000;293610
GAZP;60;20221109;230000;167.2600000;167.3500000;167.1000000;167.1000000;337760
GAZP;60;20221110;000000;167.1000000;167.2800000;167.0200000;167.1000000;323270
GAZP;60;20221110;110000;167.5000000;168.0000000;167.1800000;167.6300000;2638330
GAZP;60;20221110;120000;167.5800000;169.6100000;167.5800000;169.5900000;3532940
GAZP;60;20221110;130000;169.6000000;169.6100000;168.7700000;168.8800000;2022320
GAZP;60;20221110;140000;168.8600000;169.4600000;168.6200000;169.3800000;1172090
GAZP;60;20221110;150000;169.3800000;170.1800000;169.3100000;169.7400000;2403010
GAZP;60;20221110;160000;169.7400000;169.9000000;168.7800000;168.9300000;1582690
GAZP;60;20221110;170000;168.9600000;168.9600000;168.0000000;168.3700000;3374240
GAZP;60;20221110;180000;168.3700000;168.9000000;168.1000000;168.4000000;3370440
GAZP;60;20221110;190000;168.4000000;168.5000000;168.3400000;168.4000000;1209570
GAZP;60;20221110;200000;168.7500000;169.2900000;168.3500000;169.2900000;834760
GAZP;60;20221110;210000;169.2900000;169.3000000;168.5000000;168.8600000;658610
GAZP;60;20221110;220000;168.8600000;169.1500000;168.5800000;168.9000000;363640
GAZP;60;20221110;230000;168.9000000;169.1200000;168.8300000;168.9000000;353860
GAZP;60;20221111;000000;168.9000000;168.9000000;168.5200000;168.9000000;393080
GAZP;60;20221111;110000;169.2900000;169.5400000;167.5600000;168.0900000;3817650
GAZP;60;20221111;120000;168.1400000;168.6100000;168.0000000;168.2400000;988420
GAZP;60;20221111;130000;168.2400000;168.4900000;167.5100000;168.1500000;1296050
GAZP;60;20221111;140000;168.1400000;168.6900000;168.0000000;168.6100000;776370
GAZP;60;20221111;150000;168.6200000;168.7000000;168.2500000;168.4900000;725920
GAZP;60;20221111;160000;168.4900000;168.8600000;168.4400000;168.7100000;832890
GAZP;60;20221111;170000;168.7100000;168.7500000;168.5300000;168.6000000;890370
GAZP;60;20221111;180000;168.6000000;169.0900000;168.5400000;169.0100000;1890460
GAZP;60;20221111;190000;169.0100000;170.0000000;169.0000000;169.9600000;2395400
GAZP;60;20221111;200000;169.9600000;170.6000000;169.5000000;169.8900000;1288770
GAZP;60;20221111;210000;169.8800000;169.9500000;169.6200000;169.8500000;539830
GAZP;60;20221111;220000;169.8700000;169.9900000;169.6600000;169.9700000;328650
GAZP;60;20221111;230000;169.9600000;169.9900000;169.7400000;169.8500000;441720
GAZP;60;20221112;000000;169.8500000;169.9000000;169.8000000;169.8600000;367020
GAZP;60;20221114;110000;170.8300000;171.9200000;170.1600000;170.6600000;6561060
GAZP;60;20221114;120000;170.6700000;170.7700000;170.1600000;170.4600000;2743130
GAZP;60;20221114;130000;170.4600000;170.5700000;170.2200000;170.2300000;1150370
GAZP;60;20221114;140000;170.2300000;170.3800000;169.7000000;169.7200000;2267180
GAZP;60;20221114;150000;169.7100000;169.8300000;169.0500000;169.1200000;1925790
GAZP;60;20221114;160000;169.1300000;169.6000000;169.0000000;169.0600000;1744630
GAZP;60;20221114;170000;169.0600000;169.0600000;166.5100000;167.9800000;6699610
GAZP;60;20221114;180000;167.9700000;168.4900000;167.5500000;168.2000000;2268700
GAZP;60;20221114;190000;168.2000000;169.6300000;168.1200000;169.6300000;1994930
GAZP;60;20221114;200000;169.4600000;169.6300000;169.0200000;169.2000000;764910
GAZP;60;20221114;210000;169.2000000;169.5800000;169.2000000;169.3000000;551860
GAZP;60;20221114;220000;169.3000000;169.3000000;169.2400000;169.3000000;387970
GAZP;60;20221114;230000;169.2400000;169.5800000;169.2300000;169.5500000;417060
GAZP;60;20221115;000000;169.5400000;169.6900000;169.4400000;169.6000000;528830
GAZP;60;20221115;110000;171.1000000;171.3000000;169.3400000;169.9000000;4014720
GAZP;60;20221115;120000;169.9000000;169.9000000;168.6700000;168.9300000;2222630
GAZP;60;20221115;130000;168.9700000;169.5000000;168.4000000;169.3800000;2050340
GAZP;60;20221115;140000;169.3700000;169.5000000;169.0200000;169.2200000;969670
GAZP;60;20221115;150000;169.2300000;169.2800000;168.6300000;168.9200000;840880
GAZP;60;20221115;160000;168.9200000;169.0400000;168.6000000;168.6000000;797250
GAZP;60;20221115;170000;168.6000000;169.4800000;168.5400000;169.2500000;880000
GAZP;60;20221115;180000;169.2500000;169.3600000;168.8400000;169.3400000;521140
GAZP;60;20221115;190000;169.3400000;169.9500000;169.2400000;169.2500000;856150
GAZP;60;20221115;200000;169.2500000;169.3800000;168.9000000;169.0500000;295230
GAZP;60;20221115;210000;169.0200000;169.2400000;168.9700000;169.1100000;212170
GAZP;60;20221115;220000;169.1100000;169.1500000;164.1100000;164.9400000;5729900
GAZP;60;20221115;230000;164.9400000;166.9900000;161.7900000;166.7200000;11862440
GAZP;60;20221116;000000;166.7800000;166.8000000;165.5300000;166.2500000;1692170
GAZP;60;20221116;110000;166.7500000;168.8600000;166.6200000;168.1100000;5187080
GAZP;60;20221116;120000;168.1200000;168.3800000;167.8100000;167.9400000;897390
GAZP;60;20221116;130000;167.9400000;169.1500000;167.8400000;168.7100000;1907520
GAZP;60;20221116;140000;168.7200000;168.8000000;168.3500000;168.4600000;641080
GAZP;60;20221116;150000;168.4600000;168.7000000;167.8900000;168.1400000;882050
GAZP;60;20221116;160000;168.1300000;168.9600000;168.1300000;168.5600000;1256740
GAZP;60;20221116;170000;168.5900000;168.8600000;168.1500000;168.6100000;754540
GAZP;60;20221116;180000;168.6100000;168.6600000;168.1700000;168.5800000;644720
GAZP;60;20221116;190000;168.5700000;168.9000000;168.4000000;168.8800000;624690
GAZP;60;20221116;200000;168.8800000;169.0000000;168.4400000;168.5900000;349580
GAZP;60;20221116;210000;168.5400000;168.5900000;168.2000000;168.4400000;268680
GAZP;60;20221116;220000;168.4100000;168.4400000;168.2600000;168.4400000;163940
GAZP;60;20221116;230000;168.4400000;168.8000000;168.4400000;168.7900000;199480
GAZP;60;20221117;000000;168.7500000;168.7900000;168.6800000;168.7600000;232890
GAZP;60;20221117;110000;168.8100000;169.8000000;168.7100000;169.1700000;2505230
GAZP;60;20221117;120000;169.1800000;169.2500000;168.3000000;168.7700000;1665750
GAZP;60;20221117;130000;168.7500000;169.3000000;168.5000000;169.1800000;873310
GAZP;60;20221117;140000;169.1900000;169.2700000;168.5500000;168.9600000;1042230
GAZP;60;20221117;150000;168.9600000;169.4500000;168.5100000;168.9800000;1138850
GAZP;60;20221117;160000;168.9800000;169.1100000;168.8300000;169.0800000;662160
GAZP;60;20221117;170000;169.0800000;169.1100000;168.6500000;168.6800000;789290
GAZP;60;20221117;180000;168.6700000;169.0800000;168.6000000;169.0000000;695750
GAZP;60;20221117;190000;169.0000000;169.0400000;168.8000000;168.8100000;300260
GAZP;60;20221117;200000;168.8000000;168.8000000;168.0100000;168.5600000;559920
GAZP;60;20221117;210000;168.5300000;168.7900000;168.4900000;168.6400000;217280
GAZP;60;20221117;220000;168.6500000;168.6700000;168.5500000;168.6200000;119660
GAZP;60;20221117;230000;168.5800000;168.8600000;168.5700000;168.8500000;112650
GAZP;60;20221118;000000;168.8500000;169.0600000;168.8200000;168.9900000;224890
GAZP;60;20221118;110000;169.2000000;169.2500000;168.5400000;168.8400000;1497350
GAZP;60;20221118;120000;168.8400000;168.8800000;168.1500000;168.2500000;998310
GAZP;60;20221118;130000;168.2800000;168.6500000;167.6000000;167.6500000;1568360
GAZP;60;20221118;140000;167.6500000;168.1200000;167.5100000;168.0200000;1186660
GAZP;60;20221118;150000;168.0200000;168.6700000;167.9500000;168.1500000;691800
GAZP;60;20221118;160000;168.1400000;168.2100000;168.0500000;168.1900000;372230
GAZP;60;20221118;170000;168.2000000;168.2100000;167.8800000;167.9500000;487340
GAZP;60;20221118;180000;167.9500000;169.0000000;167.9000000;168.6000000;1505380
GAZP;60;20221118;190000;168.6100000;169.0100000;168.5600000;168.6900000;963540
GAZP;60;20221118;200000;168.6900000;168.9600000;168.3700000;168.4200000;251140
GAZP;60;20221118;210000;168.4200000;168.5900000;168.3800000;168.4000000;104100
GAZP;60;20221118;220000;168.4000000;168.5700000;168.3000000;168.5600000;100370
GAZP;60;20221118;230000;168.5600000;168.7900000;168.5200000;168.6700000;112880
GAZP;60;20221119;000000;168.6800000;168.8000000;168.5800000;168.7900000;249510
GAZP;60;20221121;110000;168.6000000;168.6700000;167.6000000;167.8300000;1460960
GAZP;60;20221121;120000;167.8100000;167.8100000;167.0100000;167.0100000;2120320
GAZP;60;20221121;130000;167.0100000;167.7700000;167.0000000;167.4900000;977940
GAZP;60;20221121;140000;167.5000000;167.9600000;167.3500000;167.5000000;656630
GAZP;60;20221121;150000;167.5000000;167.5400000;167.2500000;167.5000000;497770
GAZP;60;20221121;160000;167.5000000;167.8000000;167.4500000;167.8000000;715130
GAZP;60;20221121;170000;167.7900000;168.3800000;167.7900000;168.0000000;789020
GAZP;60;20221121;180000;167.9900000;168.1000000;167.5000000;167.5800000;794910
GAZP;60;20221121;190000;167.5800000;167.7600000;167.5100000;167.6400000;506240
GAZP;60;20221121;200000;167.7600000;167.8400000;167.1000000;167.6000000;485380
GAZP;60;20221121;210000;167.5800000;168.1500000;167.5600000;167.9900000;430700
GAZP;60;20221121;220000;167.9800000;168.3800000;167.8900000;168.0800000;462990
GAZP;60;20221121;230000;168.0800000;168.2100000;167.8700000;167.9200000;227820
GAZP;60;20221122;000000;167.9700000;168.2000000;167.8500000;168.1300000;149510
GAZP;60;20221122;110000;167.8900000;168.4000000;167.5000000;168.1400000;1996450
GAZP;60;20221122;120000;168.1400000;168.5000000;167.7000000;167.9400000;1136350
GAZP;60;20221122;130000;167.9400000;168.1800000;167.6700000;167.8600000;584120
GAZP;60;20221122;140000;167.8600000;168.0000000;167.6500000;167.8100000;644540
GAZP;60;20221122;150000;167.8000000;167.8500000;167.4500000;167.5200000;1105800
GAZP;60;20221122;160000;167.5200000;167.9500000;167.4500000;167.6500000;976860
GAZP;60;20221122;170000;167.6200000;167.7800000;167.5500000;167.7000000;425160
GAZP;60;20221122;180000;167.7100000;168.1000000;167.6000000;168.1000000;583620
GAZP;60;20221122;190000;168.1000000;168.3800000;168.0100000;168.2900000;1216490
GAZP;60;20221122;200000;168.2900000;168.3800000;167.8500000;168.0000000;447010
GAZP;60;20221122;210000;168.0000000;168.0000000;167.9000000;168.0000000;228220
GAZP;60;20221122;220000;168.0000000;168.0000000;167.8000000;167.9800000;201800
GAZP;60;20221122;230000;167.9800000;167.9900000;167.8500000;167.8900000;94590
GAZP;60;20221123;000000;167.9000000;168.1500000;167.8300000;168.0800000;299340
GAZP;60;20221123;110000;168.2500000;168.3500000;167.6000000;167.8600000;1107020
GAZP;60;20221123;120000;167.8500000;168.1100000;167.5000000;168.0100000;1008870
GAZP;60;20221123;130000;168.0200000;169.5000000;167.5300000;169.1700000;5134490
GAZP;60;20221123;140000;169.1900000;170.6000000;168.8100000;169.8400000;4687270
GAZP;60;20221123;150000;169.8100000;169.9100000;169.0700000;169.4000000;1535130
GAZP;60;20221123;160000;169.4000000;169.7400000;169.1500000;169.1500000;812090
GAZP;60;20221123;170000;169.1600000;169.2000000;168.5500000;169.0000000;1630960
GAZP;60;20221123;180000;169.0000000;169.3500000;168.9200000;169.2500000;624880
GAZP;60;20221123;190000;169.2400000;169.3100000;169.0000000;169.0000000;411000
GAZP;60;20221123;200000;169.0000000;169.0600000;168.4100000;168.7100000;623810
GAZP;60;20221123;210000;168.7000000;168.9500000;168.6200000;168.8400000;247550
GAZP;60;20221123;220000;168.8400000;169.1500000;168.8000000;168.9700000;160870
GAZP;60;20221123;230000;168.9400000;169.1500000;168.8500000;169.1000000;167610
GAZP;60;20221124;000000;169.1000000;169.2900000;168.9200000;169.1500000;205390
GAZP;60;20221124;110000;169.4100000;170.2400000;168.6000000;169.7200000;2227800
GAZP;60;20221124;120000;169.7000000;170.8700000;169.5200000;170.1700000;3229200
GAZP;60;20221124;130000;170.1600000;170.1900000;169.6600000;169.7600000;1016100
GAZP;60;20221124;140000;169.7700000;169.9500000;169.3700000;169.7500000;549360
GAZP;60;20221124;150000;169.7500000;169.7500000;169.1100000;169.3700000;781120
GAZP;60;20221124;160000;169.3700000;169.5000000;169.1400000;169.3100000;336750
GAZP;60;20221124;170000;169.3400000;169.3600000;169.0500000;169.1700000;731420
GAZP;60;20221124;180000;169.1800000;169.4500000;169.0000000;169.0300000;644700
GAZP;60;20221124;190000;169.0400000;169.2900000;168.8000000;169.2900000;725400
GAZP;60;20221124;200000;169.1700000;169.2000000;168.8900000;169.1500000;132220
GAZP;60;20221124;210000;169.1500000;169.1500000;169.0000000;169.0500000;80280
GAZP;60;20221124;220000;169.0500000;169.1500000;168.9600000;168.9800000;112100
GAZP;60;20221124;230000;168.9800000;169.1100000;168.9000000;168.9400000;120660
GAZP;60;20221125;000000;168.9400000;169.0800000;168.9000000;168.9600000;108810
GAZP;60;20221125;110000;169.2000000;169.4900000;168.1000000;168.2200000;2797290
GAZP;60;20221125;120000;168.2200000;168.8000000;168.1000000;168.7100000;842170
GAZP;60;20221125;130000;168.7100000;168.7300000;168.4000000;168.7300000;570370
GAZP;60;20221125;140000;168.7300000;168.7300000;168.5700000;168.7300000;392830
GAZP;60;20221125;150000;168.7300000;169.0400000;168.6500000;168.9900000;762450
GAZP;60;20221125;160000;168.9900000;169.0400000;168.7600000;168.8600000;611140
GAZP;60;20221125;170000;168.8600000;169.1000000;168.8500000;169.0900000;745050
GAZP;60;20221125;180000;169.0600000;169.1400000;168.9000000;169.0100000;1035840
GAZP;60;20221125;190000;169.0400000;169.1800000;169.0200000;169.1800000;1578160
GAZP;60;20221125;200000;169.5000000;169.5300000;168.9000000;168.9800000;276550
GAZP;60;20221125;210000;168.9600000;169.0000000;168.9100000;168.9500000;126770
GAZP;60;20221125;220000;168.9500000;168.9700000;168.8700000;168.8800000;98780
GAZP;60;20221125;230000;168.9200000;169.0900000;168.8700000;169.0000000;72310
GAZP;60;20221126;000000;169.0000000;169.1900000;168.9400000;169.0300000;246740
GAZP;60;20221128;110000;167.9500000;168.4900000;167.5200000;168.1000000;3151550
GAZP;60;20221128;120000;168.1300000;168.1500000;167.8200000;168.0000000;954120
GAZP;60;20221128;130000;168.0100000;168.1000000;167.7900000;167.8700000;521590
GAZP;60;20221128;140000;167.9000000;167.9900000;167.7900000;167.8100000;623340
GAZP;60;20221128;150000;167.8100000;168.5700000;167.7600000;168.2900000;943420
GAZP;60;20221128;160000;168.2900000;168.6700000;168.1000000;168.1300000;463530
GAZP;60;20221128;170000;168.1700000;168.4500000;168.1100000;168.3200000;523770
GAZP;60;20221128;180000;168.3300000;168.4400000;168.1300000;168.4200000;870520
GAZP;60;20221128;190000;168.4400000;168.6300000;168.2000000;168.6000000;797630
GAZP;60;20221128;200000;168.6000000;168.6000000;168.2200000;168.4900000;135220
GAZP;60;20221128;210000;168.4800000;168.5700000;168.4700000;168.5400000;105620
GAZP;60;20221128;220000;168.5400000;168.6000000;168.3500000;168.4900000;101050
GAZP;60;20221128;230000;168.5000000;168.5200000;168.2300000;168.3500000;140470
GAZP;60;20221129;000000;168.3700000;168.3700000;168.1000000;168.1000000;149960
GAZP;60;20221129;110000;168.5700000;169.0000000;168.0700000;168.2200000;1778950
GAZP;60;20221129;120000;168.2100000;168.4500000;167.9200000;168.2100000;1196080
GAZP;60;20221129;130000;168.2100000;168.3000000;168.0000000;168.0000000;618030
GAZP;60;20221129;140000;168.0100000;168.1800000;168.0000000;168.0400000;677060
GAZP;60;20221129;150000;168.0300000;168.0700000;168.0000000;168.0100000;469870
GAZP;60;20221129;160000;168.0100000;168.4200000;168.0100000;168.3400000;1115670
GAZP;60;20221129;170000;168.3400000;168.7600000;168.3400000;168.3900000;889420
GAZP;60;20221129;180000;168.3900000;168.4000000;167.9300000;168.2000000;1570890
GAZP;60;20221129;190000;168.2000000;168.2000000;167.9700000;168.0000000;907810
GAZP;60;20221129;200000;168.2600000;168.2600000;168.0000000;168.1500000;161260
GAZP;60;20221129;210000;168.1600000;168.3400000;168.1600000;168.2500000;119530
GAZP;60;20221129;220000;168.2600000;168.3800000;168.1900000;168.2300000;127120
GAZP;60;20221129;230000;168.2100000;168.2500000;168.1600000;168.1800000;71640
GAZP;60;20221130;000000;168.1600000;168.1800000;168.1000000;168.1000000;81310
GAZP;60;20221130;110000;167.9800000;168.1900000;167.8900000;168.1500000;1624130
GAZP;60;20221130;120000;168.1500000;168.1600000;168.1200000;168.1600000;563410
GAZP;60;20221130;130000;168.1600000;168.1700000;168.1400000;168.1500000;1118060
GAZP;60;20221130;140000;168.1500000;168.1700000;167.9100000;168.0600000;1205470
GAZP;60;20221130;150000;168.0600000;168.0800000;167.9500000;168.0400000;834860
GAZP;60;20221130;160000;168.0100000;168.0400000;167.9000000;167.9800000;1036290
GAZP;60;20221130;170000;167.9800000;168.0300000;167.7500000;168.0000000;1279410
GAZP;60;20221130;180000;168.0000000;168.0000000;167.8200000;167.8600000;1410600
GAZP;60;20221130;190000;167.8600000;167.8700000;167.6100000;167.7000000;1214290
GAZP;60;20221130;200000;167.7000000;167.8300000;167.6000000;167.6900000;242950
GAZP;60;20221130;210000;167.7000000;167.7000000;167.6000000;167.6500000;317160
GAZP;60;20221130;220000;167.6500000;167.7000000;167.6000000;167.7000000;116010
GAZP;60;20221130;230000;167.7000000;167.7500000;167.6400000;167.7500000;318260
GAZP;60;20221201;000000;167.7500000;167.7900000;167.6800000;167.7000000;540240
GAZP;60;20221201;110000;168.0000000;168.7600000;167.9000000;168.0500000;2159440
GAZP;60;20221201;120000;168.0500000;168.0500000;167.2200000;167.4000000;2178290
GAZP;60;20221201;130000;167.4100000;167.4400000;166.6700000;167.1400000;2059070
GAZP;60;20221201;140000;167.1100000;167.1800000;166.8200000;166.8800000;974380
GAZP;60;20221201;150000;166.8900000;167.4100000;166.8500000;167.1700000;822830
GAZP;60;20221201;160000;167.1600000;167.1900000;166.9200000;167.0800000;674820
GAZP;60;20221201;170000;167.0900000;167.1000000;166.8800000;167.0100000;739390
GAZP;60;20221201;180000;167.0000000;167.0100000;166.9700000;166.9900000;752460
GAZP;60;20221201;190000;166.9900000;167.0100000;166.9100000;167.0000000;553990
GAZP;60;20221201;200000;167.2500000;167.2500000;166.3100000;166.9300000;402270
GAZP;60;20221201;210000;166.9400000;167.0000000;166.8100000;166.9600000;214030
GAZP;60;20221201;220000;166.9200000;167.0000000;166.8300000;166.9800000;162350
GAZP;60;20221201;230000;166.9800000;167.0000000;166.8900000;166.9400000;155010
GAZP;60;20221202;000000;166.9100000;167.0000000;166.8800000;166.9800000;101400
